Artikel0
0
43
0.16683447
Artikel1
1
45
0.20090711
Artikel2
2
78
0.21709526
Artikel3
3
49
0.7003632
Artikel4
4
58
0.48512256
Artikel5
5
1
0.41784716
Artikel6
6
13
0.49390906
Artikel7
7
46
0.64232224
Artikel8
8
26
0.7505227
Artikel9
9
87
0.51507056
Artikel10
10
74
0.554972
Artikel11
11
52
0.58251476
Artikel12
12
89
0.07038009
Artikel13
13
14
0.16051626
Artikel14
14
44
0.1892811
Artikel15
15
18
0.92118573
Artikel16
16
81
0.80940646
Artikel17
17
81
0.71049154
Artikel18
18
55
0.9244473
Artikel19
19
90
0.3562045
Artikel20
20
19
0.5504765
Artikel21
21
60
0.4054742
Artikel22
22
6
0.28364027
Artikel23
23
40
0.57616997
Artikel24
24
48
0.073035896
Artikel25
25
35
0.91998076
Artikel26
26
5
0.28730333
Artikel27
27
84
0.091094375
Artikel28
28
17
0.7291141
Artikel29
29
34
0.7796716
